date,year,month,temp_c,country
1901-01-15,1901,1,26.6,Northern_Marianas
1901-02-15,1901,2,26.4,Northern_Marianas
1901-03-15,1901,3,26.8,Northern_Marianas
1901-04-15,1901,4,27.3,Northern_Marianas
1901-05-15,1901,5,27.7,Northern_Marianas
1901-06-15,1901,6,28.1,Northern_Marianas
1901-07-15,1901,7,27.8,Northern_Marianas
1901-08-15,1901,8,27.6,Northern_Marianas
1901-09-15,1901,9,27.8,Northern_Marianas
1901-10-15,1901,10,27.8,Northern_Marianas
1901-11-15,1901,11,27.6,Northern_Marianas
1901-12-15,1901,12,27.1,Northern_Marianas
1902-01-15,1902,1,26.6,Northern_Marianas
1902-02-15,1902,2,26.4,Northern_Marianas
1902-03-15,1902,3,26.8,Northern_Marianas
1902-04-15,1902,4,27.3,Northern_Marianas
1902-05-15,1902,5,27.7,Northern_Marianas
1902-06-15,1902,6,28.1,Northern_Marianas
1902-07-15,1902,7,27.8,Northern_Marianas
1902-08-15,1902,8,27.6,Northern_Marianas
1902-09-15,1902,9,27.8,Northern_Marianas
1902-10-15,1902,10,27.8,Northern_Marianas
1902-11-15,1902,11,27.6,Northern_Marianas
1902-12-15,1902,12,27.1,Northern_Marianas
1903-01-15,1903,1,26.6,Northern_Marianas
1903-02-15,1903,2,26.4,Northern_Marianas
1903-03-15,1903,3,26.8,Northern_Marianas
1903-04-15,1903,4,27.3,Northern_Marianas
1903-05-15,1903,5,27.7,Northern_Marianas
1903-06-15,1903,6,28.1,Northern_Marianas
1903-07-15,1903,7,27.8,Northern_Marianas
1903-08-15,1903,8,27.6,Northern_Marianas
1903-09-15,1903,9,27.8,Northern_Marianas
1903-10-15,1903,10,27.8,Northern_Marianas
1903-11-15,1903,11,27.6,Northern_Marianas
1903-12-15,1903,12,27.1,Northern_Marianas
1904-01-15,1904,1,26.6,Northern_Marianas
1904-02-15,1904,2,26.4,Northern_Marianas
1904-03-15,1904,3,26.8,Northern_Marianas
1904-04-15,1904,4,27.3,Northern_Marianas
1904-05-15,1904,5,27.7,Northern_Marianas
1904-06-15,1904,6,28.1,Northern_Marianas
1904-07-15,1904,7,27.8,Northern_Marianas
1904-08-15,1904,8,27.6,Northern_Marianas
1904-09-15,1904,9,27.8,Northern_Marianas
1904-10-15,1904,10,27.8,Northern_Marianas
1904-11-15,1904,11,27.6,Northern_Marianas
1904-12-15,1904,12,27.1,Northern_Marianas
1905-01-15,1905,1,26.6,Northern_Marianas
1905-02-15,1905,2,26.4,Northern_Marianas
1905-03-15,1905,3,26.8,Northern_Marianas
1905-04-15,1905,4,27.3,Northern_Marianas
1905-05-15,1905,5,27.7,Northern_Marianas
1905-06-15,1905,6,28.1,Northern_Marianas
1905-07-15,1905,7,27.8,Northern_Marianas
1905-08-15,1905,8,27.6,Northern_Marianas
1905-09-15,1905,9,27.8,Northern_Marianas
1905-10-15,1905,10,27.8,Northern_Marianas
1905-11-15,1905,11,27.6,Northern_Marianas
1905-12-15,1905,12,27.1,Northern_Marianas
1906-01-15,1906,1,26.6,Northern_Marianas
1906-02-15,1906,2,26.4,Northern_Marianas
1906-03-15,1906,3,26.8,Northern_Marianas
1906-04-15,1906,4,27.3,Northern_Marianas
1906-05-15,1906,5,27.7,Northern_Marianas
1906-06-15,1906,6,28.1,Northern_Marianas
1906-07-15,1906,7,27.8,Northern_Marianas
1906-08-15,1906,8,27.6,Northern_Marianas
1906-09-15,1906,9,27.8,Northern_Marianas
1906-10-15,1906,10,27.8,Northern_Marianas
1906-11-15,1906,11,27.6,Northern_Marianas
1906-12-15,1906,12,27.1,Northern_Marianas
1907-01-15,1907,1,26.6,Northern_Marianas
1907-02-15,1907,2,26.4,Northern_Marianas
1907-03-15,1907,3,26.8,Northern_Marianas
1907-04-15,1907,4,27.3,Northern_Marianas
1907-05-15,1907,5,27.7,Northern_Marianas
1907-06-15,1907,6,28.1,Northern_Marianas
1907-07-15,1907,7,27.8,Northern_Marianas
1907-08-15,1907,8,27.6,Northern_Marianas
1907-09-15,1907,9,27.8,Northern_Marianas
1907-10-15,1907,10,27.8,Northern_Marianas
1907-11-15,1907,11,27.6,Northern_Marianas
1907-12-15,1907,12,27.1,Northern_Marianas
1908-01-15,1908,1,26.6,Northern_Marianas
1908-02-15,1908,2,26.4,Northern_Marianas
1908-03-15,1908,3,26.8,Northern_Marianas
1908-04-15,1908,4,27.3,Northern_Marianas
1908-05-15,1908,5,27.7,Northern_Marianas
1908-06-15,1908,6,28.1,Northern_Marianas
1908-07-15,1908,7,27.8,Northern_Marianas
1908-08-15,1908,8,27.6,Northern_Marianas
1908-09-15,1908,9,27.8,Northern_Marianas
1908-10-15,1908,10,27.8,Northern_Marianas
1908-11-15,1908,11,27.6,Northern_Marianas
1908-12-15,1908,12,27.1,Northern_Marianas
1909-01-15,1909,1,26.6,Northern_Marianas
1909-02-15,1909,2,26.4,Northern_Marianas
1909-03-15,1909,3,26.8,Northern_Marianas
1909-04-15,1909,4,27.3,Northern_Marianas
1909-05-15,1909,5,27.7,Northern_Marianas
1909-06-15,1909,6,28.1,Northern_Marianas
1909-07-15,1909,7,27.8,Northern_Marianas
1909-08-15,1909,8,27.6,Northern_Marianas
1909-09-15,1909,9,27.8,Northern_Marianas
1909-10-15,1909,10,27.8,Northern_Marianas
1909-11-15,1909,11,27.6,Northern_Marianas
1909-12-15,1909,12,27.1,Northern_Marianas
1910-01-15,1910,1,26.6,Northern_Marianas
1910-02-15,1910,2,26.4,Northern_Marianas
1910-03-15,1910,3,26.8,Northern_Marianas
1910-04-15,1910,4,27.3,Northern_Marianas
1910-05-15,1910,5,27.7,Northern_Marianas
1910-06-15,1910,6,28.1,Northern_Marianas
1910-07-15,1910,7,27.8,Northern_Marianas
1910-08-15,1910,8,27.6,Northern_Marianas
1910-09-15,1910,9,27.8,Northern_Marianas
1910-10-15,1910,10,27.8,Northern_Marianas
1910-11-15,1910,11,27.6,Northern_Marianas
1910-12-15,1910,12,27.1,Northern_Marianas
1911-01-15,1911,1,26.6,Northern_Marianas
1911-02-15,1911,2,26.4,Northern_Marianas
1911-03-15,1911,3,26.8,Northern_Marianas
1911-04-15,1911,4,27.3,Northern_Marianas
1911-05-15,1911,5,27.7,Northern_Marianas
1911-06-15,1911,6,28.1,Northern_Marianas
1911-07-15,1911,7,27.8,Northern_Marianas
1911-08-15,1911,8,27.6,Northern_Marianas
1911-09-15,1911,9,27.8,Northern_Marianas
1911-10-15,1911,10,27.8,Northern_Marianas
1911-11-15,1911,11,27.6,Northern_Marianas
1911-12-15,1911,12,27.1,Northern_Marianas
1912-01-15,1912,1,26.6,Northern_Marianas
1912-02-15,1912,2,26.4,Northern_Marianas
1912-03-15,1912,3,26.8,Northern_Marianas
1912-04-15,1912,4,27.3,Northern_Marianas
1912-05-15,1912,5,27.7,Northern_Marianas
1912-06-15,1912,6,28.1,Northern_Marianas
1912-07-15,1912,7,27.8,Northern_Marianas
1912-08-15,1912,8,27.6,Northern_Marianas
1912-09-15,1912,9,27.8,Northern_Marianas
1912-10-15,1912,10,27.8,Northern_Marianas
1912-11-15,1912,11,27.6,Northern_Marianas
1912-12-15,1912,12,27.1,Northern_Marianas
1913-01-15,1913,1,26.6,Northern_Marianas
1913-02-15,1913,2,26.4,Northern_Marianas
1913-03-15,1913,3,26.8,Northern_Marianas
1913-04-15,1913,4,27.3,Northern_Marianas
1913-05-15,1913,5,27.7,Northern_Marianas
1913-06-15,1913,6,28.1,Northern_Marianas
1913-07-15,1913,7,27.8,Northern_Marianas
1913-08-15,1913,8,27.6,Northern_Marianas
1913-09-15,1913,9,27.8,Northern_Marianas
1913-10-15,1913,10,27.8,Northern_Marianas
1913-11-15,1913,11,27.6,Northern_Marianas
1913-12-15,1913,12,27.1,Northern_Marianas
1914-01-15,1914,1,26.6,Northern_Marianas
1914-02-15,1914,2,26.4,Northern_Marianas
1914-03-15,1914,3,26.8,Northern_Marianas
1914-04-15,1914,4,27.3,Northern_Marianas
1914-05-15,1914,5,27.7,Northern_Marianas
1914-06-15,1914,6,28.1,Northern_Marianas
1914-07-15,1914,7,27.8,Northern_Marianas
1914-08-15,1914,8,27.6,Northern_Marianas
1914-09-15,1914,9,27.8,Northern_Marianas
1914-10-15,1914,10,27.8,Northern_Marianas
1914-11-15,1914,11,27.6,Northern_Marianas
1914-12-15,1914,12,27.1,Northern_Marianas
1915-01-15,1915,1,26.6,Northern_Marianas
1915-02-15,1915,2,26.4,Northern_Marianas
1915-03-15,1915,3,26.8,Northern_Marianas
1915-04-15,1915,4,27.3,Northern_Marianas
1915-05-15,1915,5,27.7,Northern_Marianas
1915-06-15,1915,6,28.1,Northern_Marianas
1915-07-15,1915,7,27.8,Northern_Marianas
1915-08-15,1915,8,27.6,Northern_Marianas
1915-09-15,1915,9,27.8,Northern_Marianas
1915-10-15,1915,10,27.8,Northern_Marianas
1915-11-15,1915,11,27.6,Northern_Marianas
1915-12-15,1915,12,27.1,Northern_Marianas
1916-01-15,1916,1,26.6,Northern_Marianas
1916-02-15,1916,2,26.4,Northern_Marianas
1916-03-15,1916,3,26.8,Northern_Marianas
1916-04-15,1916,4,27.3,Northern_Marianas
1916-05-15,1916,5,27.7,Northern_Marianas
1916-06-15,1916,6,28.1,Northern_Marianas
1916-07-15,1916,7,27.8,Northern_Marianas
1916-08-15,1916,8,27.6,Northern_Marianas
1916-09-15,1916,9,27.8,Northern_Marianas
1916-10-15,1916,10,27.8,Northern_Marianas
1916-11-15,1916,11,27.6,Northern_Marianas
1916-12-15,1916,12,27.1,Northern_Marianas
1917-01-15,1917,1,26.6,Northern_Marianas
1917-02-15,1917,2,26.4,Northern_Marianas
1917-03-15,1917,3,26.8,Northern_Marianas
1917-04-15,1917,4,27.3,Northern_Marianas
1917-05-15,1917,5,27.7,Northern_Marianas
1917-06-15,1917,6,28.1,Northern_Marianas
1917-07-15,1917,7,27.8,Northern_Marianas
1917-08-15,1917,8,27.6,Northern_Marianas
1917-09-15,1917,9,27.8,Northern_Marianas
1917-10-15,1917,10,27.8,Northern_Marianas
1917-11-15,1917,11,27.6,Northern_Marianas
1917-12-15,1917,12,27.1,Northern_Marianas
1918-01-15,1918,1,26.6,Northern_Marianas
1918-02-15,1918,2,26.4,Northern_Marianas
1918-03-15,1918,3,26.8,Northern_Marianas
1918-04-15,1918,4,27.3,Northern_Marianas
1918-05-15,1918,5,27.7,Northern_Marianas
1918-06-15,1918,6,28.1,Northern_Marianas
1918-07-15,1918,7,27.8,Northern_Marianas
1918-08-15,1918,8,27.6,Northern_Marianas
1918-09-15,1918,9,27.8,Northern_Marianas
1918-10-15,1918,10,27.8,Northern_Marianas
1918-11-15,1918,11,27.6,Northern_Marianas
1918-12-15,1918,12,27.1,Northern_Marianas
1919-01-15,1919,1,26.6,Northern_Marianas
1919-02-15,1919,2,26.4,Northern_Marianas
1919-03-15,1919,3,26.8,Northern_Marianas
1919-04-15,1919,4,27.3,Northern_Marianas
1919-05-15,1919,5,27.7,Northern_Marianas
1919-06-15,1919,6,28.1,Northern_Marianas
1919-07-15,1919,7,27.8,Northern_Marianas
1919-08-15,1919,8,27.6,Northern_Marianas
1919-09-15,1919,9,27.8,Northern_Marianas
1919-10-15,1919,10,27.8,Northern_Marianas
1919-11-15,1919,11,27.6,Northern_Marianas
1919-12-15,1919,12,27.1,Northern_Marianas
1920-01-15,1920,1,26.6,Northern_Marianas
1920-02-15,1920,2,26.4,Northern_Marianas
1920-03-15,1920,3,26.8,Northern_Marianas
1920-04-15,1920,4,27.3,Northern_Marianas
1920-05-15,1920,5,27.7,Northern_Marianas
1920-06-15,1920,6,28.1,Northern_Marianas
1920-07-15,1920,7,27.8,Northern_Marianas
1920-08-15,1920,8,27.6,Northern_Marianas
1920-09-15,1920,9,27.8,Northern_Marianas
1920-10-15,1920,10,27.8,Northern_Marianas
1920-11-15,1920,11,27.6,Northern_Marianas
1920-12-15,1920,12,27.1,Northern_Marianas
1921-01-15,1921,1,26.4,Northern_Marianas
1921-02-15,1921,2,26.5,Northern_Marianas
1921-03-15,1921,3,26.7,Northern_Marianas
1921-04-15,1921,4,27.3,Northern_Marianas
1921-05-15,1921,5,27.7,Northern_Marianas
1921-06-15,1921,6,28.0,Northern_Marianas
1921-07-15,1921,7,27.8,Northern_Marianas
1921-08-15,1921,8,27.5,Northern_Marianas
1921-09-15,1921,9,27.6,Northern_Marianas
1921-10-15,1921,10,27.6,Northern_Marianas
1921-11-15,1921,11,27.5,Northern_Marianas
1921-12-15,1921,12,27.0,Northern_Marianas
1922-01-15,1922,1,26.4,Northern_Marianas
1922-02-15,1922,2,26.3,Northern_Marianas
1922-03-15,1922,3,26.7,Northern_Marianas
1922-04-15,1922,4,27.4,Northern_Marianas
1922-05-15,1922,5,27.7,Northern_Marianas
1922-06-15,1922,6,28.0,Northern_Marianas
1922-07-15,1922,7,27.6,Northern_Marianas
1922-08-15,1922,8,27.3,Northern_Marianas
1922-09-15,1922,9,27.4,Northern_Marianas
1922-10-15,1922,10,27.8,Northern_Marianas
1922-11-15,1922,11,27.4,Northern_Marianas
1922-12-15,1922,12,26.9,Northern_Marianas
1923-01-15,1923,1,26.4,Northern_Marianas
1923-02-15,1923,2,26.3,Northern_Marianas
1923-03-15,1923,3,26.6,Northern_Marianas
1923-04-15,1923,4,27.2,Northern_Marianas
1923-05-15,1923,5,27.6,Northern_Marianas
1923-06-15,1923,6,27.9,Northern_Marianas
1923-07-15,1923,7,27.5,Northern_Marianas
1923-08-15,1923,8,27.2,Northern_Marianas
1923-09-15,1923,9,27.6,Northern_Marianas
1923-10-15,1923,10,27.6,Northern_Marianas
1923-11-15,1923,11,27.5,Northern_Marianas
1923-12-15,1923,12,27.0,Northern_Marianas
1924-01-15,1924,1,26.2,Northern_Marianas
1924-02-15,1924,2,26.3,Northern_Marianas
1924-03-15,1924,3,26.7,Northern_Marianas
1924-04-15,1924,4,27.3,Northern_Marianas
1924-05-15,1924,5,27.8,Northern_Marianas
1924-06-15,1924,6,28.1,Northern_Marianas
1924-07-15,1924,7,27.6,Northern_Marianas
1924-08-15,1924,8,27.6,Northern_Marianas
1924-09-15,1924,9,27.6,Northern_Marianas
1924-10-15,1924,10,27.4,Northern_Marianas
1924-11-15,1924,11,27.3,Northern_Marianas
1924-12-15,1924,12,27.0,Northern_Marianas
1925-01-15,1925,1,26.4,Northern_Marianas
1925-02-15,1925,2,26.5,Northern_Marianas
1925-03-15,1925,3,26.8,Northern_Marianas
1925-04-15,1925,4,27.3,Northern_Marianas
1925-05-15,1925,5,27.7,Northern_Marianas
1925-06-15,1925,6,28.1,Northern_Marianas
1925-07-15,1925,7,27.4,Northern_Marianas
1925-08-15,1925,8,27.5,Northern_Marianas
1925-09-15,1925,9,27.8,Northern_Marianas
1925-10-15,1925,10,27.6,Northern_Marianas
1925-11-15,1925,11,27.6,Northern_Marianas
1925-12-15,1925,12,27.1,Northern_Marianas
1926-01-15,1926,1,26.4,Northern_Marianas
1926-02-15,1926,2,26.3,Northern_Marianas
1926-03-15,1926,3,26.7,Northern_Marianas
1926-04-15,1926,4,27.5,Northern_Marianas
1926-05-15,1926,5,28.1,Northern_Marianas
1926-06-15,1926,6,28.5,Northern_Marianas
1926-07-15,1926,7,27.9,Northern_Marianas
1926-08-15,1926,8,27.6,Northern_Marianas
1926-09-15,1926,9,27.8,Northern_Marianas
1926-10-15,1926,10,27.7,Northern_Marianas
1926-11-15,1926,11,27.7,Northern_Marianas
1926-12-15,1926,12,27.3,Northern_Marianas
1927-01-15,1927,1,26.7,Northern_Marianas
1927-02-15,1927,2,26.5,Northern_Marianas
1927-03-15,1927,3,27.1,Northern_Marianas
1927-04-15,1927,4,27.4,Northern_Marianas
1927-05-15,1927,5,27.8,Northern_Marianas
1927-06-15,1927,6,28.1,Northern_Marianas
1927-07-15,1927,7,27.8,Northern_Marianas
1927-08-15,1927,8,27.5,Northern_Marianas
1927-09-15,1927,9,27.8,Northern_Marianas
1927-10-15,1927,10,27.8,Northern_Marianas
1927-11-15,1927,11,27.7,Northern_Marianas
1927-12-15,1927,12,27.3,Northern_Marianas
1928-01-15,1928,1,26.6,Northern_Marianas
1928-02-15,1928,2,26.6,Northern_Marianas
1928-03-15,1928,3,26.8,Northern_Marianas
1928-04-15,1928,4,27.7,Northern_Marianas
1928-05-15,1928,5,27.8,Northern_Marianas
1928-06-15,1928,6,28.1,Northern_Marianas
1928-07-15,1928,7,28.3,Northern_Marianas
1928-08-15,1928,8,27.7,Northern_Marianas
1928-09-15,1928,9,27.6,Northern_Marianas
1928-10-15,1928,10,27.6,Northern_Marianas
1928-11-15,1928,11,27.5,Northern_Marianas
1928-12-15,1928,12,27.0,Northern_Marianas
1929-01-15,1929,1,26.2,Northern_Marianas
1929-02-15,1929,2,26.2,Northern_Marianas
1929-03-15,1929,3,26.7,Northern_Marianas
1929-04-15,1929,4,27.3,Northern_Marianas
1929-05-15,1929,5,27.7,Northern_Marianas
1929-06-15,1929,6,28.1,Northern_Marianas
1929-07-15,1929,7,27.5,Northern_Marianas
1929-08-15,1929,8,27.5,Northern_Marianas
1929-09-15,1929,9,27.7,Northern_Marianas
1929-10-15,1929,10,27.7,Northern_Marianas
1929-11-15,1929,11,27.5,Northern_Marianas
1929-12-15,1929,12,26.9,Northern_Marianas
1930-01-15,1930,1,26.4,Northern_Marianas
1930-02-15,1930,2,26.3,Northern_Marianas
1930-03-15,1930,3,26.8,Northern_Marianas
1930-04-15,1930,4,27.4,Northern_Marianas
1930-05-15,1930,5,27.8,Northern_Marianas
1930-06-15,1930,6,28.2,Northern_Marianas
1930-07-15,1930,7,27.9,Northern_Marianas
1930-08-15,1930,8,27.7,Northern_Marianas
1930-09-15,1930,9,28.0,Northern_Marianas
1930-10-15,1930,10,28.0,Northern_Marianas
1930-11-15,1930,11,27.8,Northern_Marianas
1930-12-15,1930,12,27.0,Northern_Marianas
1931-01-15,1931,1,26.4,Northern_Marianas
1931-02-15,1931,2,26.2,Northern_Marianas
1931-03-15,1931,3,26.7,Northern_Marianas
1931-04-15,1931,4,27.5,Northern_Marianas
1931-05-15,1931,5,27.9,Northern_Marianas
1931-06-15,1931,6,28.4,Northern_Marianas
1931-07-15,1931,7,28.0,Northern_Marianas
1931-08-15,1931,8,27.6,Northern_Marianas
1931-09-15,1931,9,27.9,Northern_Marianas
1931-10-15,1931,10,27.8,Northern_Marianas
1931-11-15,1931,11,27.5,Northern_Marianas
1931-12-15,1931,12,27.1,Northern_Marianas
1932-01-15,1932,1,26.6,Northern_Marianas
1932-02-15,1932,2,26.4,Northern_Marianas
1932-03-15,1932,3,26.7,Northern_Marianas
1932-04-15,1932,4,27.4,Northern_Marianas
1932-05-15,1932,5,27.7,Northern_Marianas
1932-06-15,1932,6,28.1,Northern_Marianas
1932-07-15,1932,7,27.8,Northern_Marianas
1932-08-15,1932,8,27.7,Northern_Marianas
1932-09-15,1932,9,27.7,Northern_Marianas
1932-10-15,1932,10,27.8,Northern_Marianas
1932-11-15,1932,11,27.6,Northern_Marianas
1932-12-15,1932,12,27.0,Northern_Marianas
1933-01-15,1933,1,26.5,Northern_Marianas
1933-02-15,1933,2,26.5,Northern_Marianas
1933-03-15,1933,3,26.8,Northern_Marianas
1933-04-15,1933,4,27.5,Northern_Marianas
1933-05-15,1933,5,27.8,Northern_Marianas
1933-06-15,1933,6,28.1,Northern_Marianas
1933-07-15,1933,7,27.8,Northern_Marianas
1933-08-15,1933,8,27.6,Northern_Marianas
1933-09-15,1933,9,27.8,Northern_Marianas
1933-10-15,1933,10,27.5,Northern_Marianas
1933-11-15,1933,11,27.5,Northern_Marianas
1933-12-15,1933,12,27.0,Northern_Marianas
1934-01-15,1934,1,26.7,Northern_Marianas
1934-02-15,1934,2,26.6,Northern_Marianas
1934-03-15,1934,3,26.9,Northern_Marianas
1934-04-15,1934,4,27.4,Northern_Marianas
1934-05-15,1934,5,27.6,Northern_Marianas
1934-06-15,1934,6,28.2,Northern_Marianas
1934-07-15,1934,7,27.8,Northern_Marianas
1934-08-15,1934,8,27.6,Northern_Marianas
1934-09-15,1934,9,27.7,Northern_Marianas
1934-10-15,1934,10,27.7,Northern_Marianas
1934-11-15,1934,11,27.5,Northern_Marianas
1934-12-15,1934,12,27.0,Northern_Marianas
1935-01-15,1935,1,26.3,Northern_Marianas
1935-02-15,1935,2,26.4,Northern_Marianas
1935-03-15,1935,3,26.8,Northern_Marianas
1935-04-15,1935,4,27.5,Northern_Marianas
1935-05-15,1935,5,28.0,Northern_Marianas
1935-06-15,1935,6,28.2,Northern_Marianas
1935-07-15,1935,7,27.8,Northern_Marianas
1935-08-15,1935,8,27.6,Northern_Marianas
1935-09-15,1935,9,27.6,Northern_Marianas
1935-10-15,1935,10,27.7,Northern_Marianas
1935-11-15,1935,11,27.5,Northern_Marianas
1935-12-15,1935,12,27.1,Northern_Marianas
1936-01-15,1936,1,26.5,Northern_Marianas
1936-02-15,1936,2,26.4,Northern_Marianas
1936-03-15,1936,3,26.8,Northern_Marianas
1936-04-15,1936,4,27.4,Northern_Marianas
1936-05-15,1936,5,27.9,Northern_Marianas
1936-06-15,1936,6,28.3,Northern_Marianas
1936-07-15,1936,7,27.8,Northern_Marianas
1936-08-15,1936,8,27.8,Northern_Marianas
1936-09-15,1936,9,27.8,Northern_Marianas
1936-10-15,1936,10,27.7,Northern_Marianas
1936-11-15,1936,11,27.6,Northern_Marianas
1936-12-15,1936,12,27.2,Northern_Marianas
1937-01-15,1937,1,26.6,Northern_Marianas
1937-02-15,1937,2,26.4,Northern_Marianas
1937-03-15,1937,3,26.7,Northern_Marianas
1937-04-15,1937,4,27.5,Northern_Marianas
1937-05-15,1937,5,27.9,Northern_Marianas
1937-06-15,1937,6,28.1,Northern_Marianas
1937-07-15,1937,7,27.9,Northern_Marianas
1937-08-15,1937,8,27.8,Northern_Marianas
1937-09-15,1937,9,27.8,Northern_Marianas
1937-10-15,1937,10,27.7,Northern_Marianas
1937-11-15,1937,11,27.5,Northern_Marianas
1937-12-15,1937,12,27.2,Northern_Marianas
1938-01-15,1938,1,26.8,Northern_Marianas
1938-02-15,1938,2,26.6,Northern_Marianas
1938-03-15,1938,3,26.9,Northern_Marianas
1938-04-15,1938,4,27.5,Northern_Marianas
1938-05-15,1938,5,27.9,Northern_Marianas
1938-06-15,1938,6,28.1,Northern_Marianas
1938-07-15,1938,7,27.9,Northern_Marianas
1938-08-15,1938,8,27.6,Northern_Marianas
1938-09-15,1938,9,27.6,Northern_Marianas
1938-10-15,1938,10,27.7,Northern_Marianas
1938-11-15,1938,11,27.5,Northern_Marianas
1938-12-15,1938,12,27.0,Northern_Marianas
1939-01-15,1939,1,26.5,Northern_Marianas
1939-02-15,1939,2,26.5,Northern_Marianas
1939-03-15,1939,3,26.9,Northern_Marianas
1939-04-15,1939,4,27.5,Northern_Marianas
1939-05-15,1939,5,27.8,Northern_Marianas
1939-06-15,1939,6,28.4,Northern_Marianas
1939-07-15,1939,7,27.8,Northern_Marianas
1939-08-15,1939,8,27.6,Northern_Marianas
1939-09-15,1939,9,27.8,Northern_Marianas
1939-10-15,1939,10,27.8,Northern_Marianas
1939-11-15,1939,11,27.5,Northern_Marianas
1939-12-15,1939,12,27.1,Northern_Marianas
1940-01-15,1940,1,26.5,Northern_Marianas
1940-02-15,1940,2,26.1,Northern_Marianas
1940-03-15,1940,3,26.7,Northern_Marianas
1940-04-15,1940,4,27.3,Northern_Marianas
1940-05-15,1940,5,28.0,Northern_Marianas
1940-06-15,1940,6,28.4,Northern_Marianas
1940-07-15,1940,7,27.7,Northern_Marianas
1940-08-15,1940,8,27.7,Northern_Marianas
1940-09-15,1940,9,27.6,Northern_Marianas
1940-10-15,1940,10,27.8,Northern_Marianas
1940-11-15,1940,11,27.9,Northern_Marianas
1940-12-15,1940,12,27.3,Northern_Marianas
1941-01-15,1941,1,26.5,Northern_Marianas
1941-02-15,1941,2,26.3,Northern_Marianas
1941-03-15,1941,3,26.7,Northern_Marianas
1941-04-15,1941,4,27.3,Northern_Marianas
1941-05-15,1941,5,27.7,Northern_Marianas
1941-06-15,1941,6,28.1,Northern_Marianas
1941-07-15,1941,7,27.8,Northern_Marianas
1941-08-15,1941,8,27.5,Northern_Marianas
1941-09-15,1941,9,27.8,Northern_Marianas
1941-10-15,1941,10,27.8,Northern_Marianas
1941-11-15,1941,11,27.6,Northern_Marianas
1941-12-15,1941,12,27.1,Northern_Marianas
1942-01-15,1942,1,26.5,Northern_Marianas
1942-02-15,1942,2,26.4,Northern_Marianas
1942-03-15,1942,3,26.8,Northern_Marianas
1942-04-15,1942,4,27.3,Northern_Marianas
1942-05-15,1942,5,27.6,Northern_Marianas
1942-06-15,1942,6,28.2,Northern_Marianas
1942-07-15,1942,7,27.6,Northern_Marianas
1942-08-15,1942,8,27.5,Northern_Marianas
1942-09-15,1942,9,27.8,Northern_Marianas
1942-10-15,1942,10,27.7,Northern_Marianas
1942-11-15,1942,11,27.6,Northern_Marianas
1942-12-15,1942,12,27.1,Northern_Marianas
1943-01-15,1943,1,26.5,Northern_Marianas
1943-02-15,1943,2,26.4,Northern_Marianas
1943-03-15,1943,3,26.6,Northern_Marianas
1943-04-15,1943,4,27.2,Northern_Marianas
1943-05-15,1943,5,27.6,Northern_Marianas
1943-06-15,1943,6,28.0,Northern_Marianas
1943-07-15,1943,7,27.8,Northern_Marianas
1943-08-15,1943,8,27.5,Northern_Marianas
1943-09-15,1943,9,27.8,Northern_Marianas
1943-10-15,1943,10,27.7,Northern_Marianas
1943-11-15,1943,11,27.6,Northern_Marianas
1943-12-15,1943,12,27.1,Northern_Marianas
1944-01-15,1944,1,26.6,Northern_Marianas
1944-02-15,1944,2,26.4,Northern_Marianas
1944-03-15,1944,3,26.8,Northern_Marianas
1944-04-15,1944,4,27.3,Northern_Marianas
1944-05-15,1944,5,27.7,Northern_Marianas
1944-06-15,1944,6,28.1,Northern_Marianas
1944-07-15,1944,7,27.8,Northern_Marianas
1944-08-15,1944,8,27.6,Northern_Marianas
1944-09-15,1944,9,27.8,Northern_Marianas
1944-10-15,1944,10,27.8,Northern_Marianas
1944-11-15,1944,11,27.6,Northern_Marianas
1944-12-15,1944,12,27.1,Northern_Marianas
1945-01-15,1945,1,26.3,Northern_Marianas
1945-02-15,1945,2,26.3,Northern_Marianas
1945-03-15,1945,3,26.4,Northern_Marianas
1945-04-15,1945,4,27.1,Northern_Marianas
1945-05-15,1945,5,27.4,Northern_Marianas
1945-06-15,1945,6,28.1,Northern_Marianas
1945-07-15,1945,7,27.8,Northern_Marianas
1945-08-15,1945,8,27.6,Northern_Marianas
1945-09-15,1945,9,27.4,Northern_Marianas
1945-10-15,1945,10,27.3,Northern_Marianas
1945-11-15,1945,11,27.4,Northern_Marianas
1945-12-15,1945,12,27.0,Northern_Marianas
1946-01-15,1946,1,26.6,Northern_Marianas
1946-02-15,1946,2,26.8,Northern_Marianas
1946-03-15,1946,3,26.8,Northern_Marianas
1946-04-15,1946,4,27.3,Northern_Marianas
1946-05-15,1946,5,27.7,Northern_Marianas
1946-06-15,1946,6,28.1,Northern_Marianas
1946-07-15,1946,7,27.8,Northern_Marianas
1946-08-15,1946,8,27.6,Northern_Marianas
1946-09-15,1946,9,27.8,Northern_Marianas
1946-10-15,1946,10,27.8,Northern_Marianas
1946-11-15,1946,11,27.6,Northern_Marianas
1946-12-15,1946,12,27.1,Northern_Marianas
1947-01-15,1947,1,26.6,Northern_Marianas
1947-02-15,1947,2,26.4,Northern_Marianas
1947-03-15,1947,3,26.8,Northern_Marianas
1947-04-15,1947,4,27.3,Northern_Marianas
1947-05-15,1947,5,27.7,Northern_Marianas
1947-06-15,1947,6,28.1,Northern_Marianas
1947-07-15,1947,7,27.8,Northern_Marianas
1947-08-15,1947,8,27.6,Northern_Marianas
1947-09-15,1947,9,27.8,Northern_Marianas
1947-10-15,1947,10,27.5,Northern_Marianas
1947-11-15,1947,11,27.6,Northern_Marianas
1947-12-15,1947,12,27.2,Northern_Marianas
1948-01-15,1948,1,26.6,Northern_Marianas
1948-02-15,1948,2,26.4,Northern_Marianas
1948-03-15,1948,3,26.7,Northern_Marianas
1948-04-15,1948,4,27.2,Northern_Marianas
1948-05-15,1948,5,27.5,Northern_Marianas
1948-06-15,1948,6,27.8,Northern_Marianas
1948-07-15,1948,7,27.7,Northern_Marianas
1948-08-15,1948,8,27.5,Northern_Marianas
1948-09-15,1948,9,27.7,Northern_Marianas
1948-10-15,1948,10,27.6,Northern_Marianas
1948-11-15,1948,11,27.3,Northern_Marianas
1948-12-15,1948,12,26.7,Northern_Marianas
1949-01-15,1949,1,26.3,Northern_Marianas
1949-02-15,1949,2,26.2,Northern_Marianas
1949-03-15,1949,3,26.6,Northern_Marianas
1949-04-15,1949,4,27.3,Northern_Marianas
1949-05-15,1949,5,27.6,Northern_Marianas
1949-06-15,1949,6,28.0,Northern_Marianas
1949-07-15,1949,7,27.9,Northern_Marianas
1949-08-15,1949,8,27.6,Northern_Marianas
1949-09-15,1949,9,27.7,Northern_Marianas
1949-10-15,1949,10,27.7,Northern_Marianas
1949-11-15,1949,11,27.6,Northern_Marianas
1949-12-15,1949,12,27.1,Northern_Marianas
1950-01-15,1950,1,26.5,Northern_Marianas
1950-02-15,1950,2,26.3,Northern_Marianas
1950-03-15,1950,3,26.7,Northern_Marianas
1950-04-15,1950,4,27.3,Northern_Marianas
1950-05-15,1950,5,27.6,Northern_Marianas
1950-06-15,1950,6,27.8,Northern_Marianas
1950-07-15,1950,7,27.6,Northern_Marianas
1950-08-15,1950,8,27.6,Northern_Marianas
1950-09-15,1950,9,27.7,Northern_Marianas
1950-10-15,1950,10,27.6,Northern_Marianas
1950-11-15,1950,11,27.4,Northern_Marianas
1950-12-15,1950,12,27.0,Northern_Marianas
1951-01-15,1951,1,26.5,Northern_Marianas
1951-02-15,1951,2,26.4,Northern_Marianas
1951-03-15,1951,3,26.7,Northern_Marianas
1951-04-15,1951,4,27.2,Northern_Marianas
1951-05-15,1951,5,27.5,Northern_Marianas
1951-06-15,1951,6,28.1,Northern_Marianas
1951-07-15,1951,7,27.8,Northern_Marianas
1951-08-15,1951,8,27.5,Northern_Marianas
1951-09-15,1951,9,28.0,Northern_Marianas
1951-10-15,1951,10,27.9,Northern_Marianas
1951-11-15,1951,11,27.7,Northern_Marianas
1951-12-15,1951,12,27.1,Northern_Marianas
1952-01-15,1952,1,26.4,Northern_Marianas
1952-02-15,1952,2,26.3,Northern_Marianas
1952-03-15,1952,3,26.7,Northern_Marianas
1952-04-15,1952,4,27.3,Northern_Marianas
1952-05-15,1952,5,27.7,Northern_Marianas
1952-06-15,1952,6,28.0,Northern_Marianas
1952-07-15,1952,7,27.9,Northern_Marianas
1952-08-15,1952,8,27.5,Northern_Marianas
1952-09-15,1952,9,27.7,Northern_Marianas
1952-10-15,1952,10,27.7,Northern_Marianas
1952-11-15,1952,11,27.5,Northern_Marianas
1952-12-15,1952,12,27.1,Northern_Marianas
1953-01-15,1953,1,26.5,Northern_Marianas
1953-02-15,1953,2,26.2,Northern_Marianas
1953-03-15,1953,3,26.6,Northern_Marianas
1953-04-15,1953,4,27.2,Northern_Marianas
1953-05-15,1953,5,27.7,Northern_Marianas
1953-06-15,1953,6,28.1,Northern_Marianas
1953-07-15,1953,7,28.0,Northern_Marianas
1953-08-15,1953,8,27.4,Northern_Marianas
1953-09-15,1953,9,27.8,Northern_Marianas
1953-10-15,1953,10,27.8,Northern_Marianas
1953-11-15,1953,11,27.5,Northern_Marianas
1953-12-15,1953,12,27.0,Northern_Marianas
1954-01-15,1954,1,26.5,Northern_Marianas
1954-02-15,1954,2,26.5,Northern_Marianas
1954-03-15,1954,3,26.8,Northern_Marianas
1954-04-15,1954,4,27.4,Northern_Marianas
1954-05-15,1954,5,27.6,Northern_Marianas
1954-06-15,1954,6,28.1,Northern_Marianas
1954-07-15,1954,7,28.0,Northern_Marianas
1954-08-15,1954,8,27.6,Northern_Marianas
1954-09-15,1954,9,27.6,Northern_Marianas
1954-10-15,1954,10,27.7,Northern_Marianas
1954-11-15,1954,11,27.4,Northern_Marianas
1954-12-15,1954,12,26.9,Northern_Marianas
1955-01-15,1955,1,26.3,Northern_Marianas
1955-02-15,1955,2,26.4,Northern_Marianas
1955-03-15,1955,3,26.7,Northern_Marianas
1955-04-15,1955,4,27.2,Northern_Marianas
1955-05-15,1955,5,27.5,Northern_Marianas
1955-06-15,1955,6,27.9,Northern_Marianas
1955-07-15,1955,7,27.7,Northern_Marianas
1955-08-15,1955,8,27.6,Northern_Marianas
1955-09-15,1955,9,27.7,Northern_Marianas
1955-10-15,1955,10,27.6,Northern_Marianas
1955-11-15,1955,11,27.5,Northern_Marianas
1955-12-15,1955,12,27.0,Northern_Marianas
1956-01-15,1956,1,26.2,Northern_Marianas
1956-02-15,1956,2,26.3,Northern_Marianas
1956-03-15,1956,3,26.6,Northern_Marianas
1956-04-15,1956,4,27.1,Northern_Marianas
1956-05-15,1956,5,27.5,Northern_Marianas
1956-06-15,1956,6,28.0,Northern_Marianas
1956-07-15,1956,7,27.7,Northern_Marianas
1956-08-15,1956,8,27.6,Northern_Marianas
1956-09-15,1956,9,27.6,Northern_Marianas
1956-10-15,1956,10,27.6,Northern_Marianas
1956-11-15,1956,11,27.6,Northern_Marianas
1956-12-15,1956,12,26.9,Northern_Marianas
1957-01-15,1957,1,26.3,Northern_Marianas
1957-02-15,1957,2,26.3,Northern_Marianas
1957-03-15,1957,3,26.6,Northern_Marianas
1957-04-15,1957,4,27.3,Northern_Marianas
1957-05-15,1957,5,27.8,Northern_Marianas
1957-06-15,1957,6,28.5,Northern_Marianas
1957-07-15,1957,7,28.0,Northern_Marianas
1957-08-15,1957,8,27.8,Northern_Marianas
1957-09-15,1957,9,28.1,Northern_Marianas
1957-10-15,1957,10,27.8,Northern_Marianas
1957-11-15,1957,11,27.3,Northern_Marianas
1957-12-15,1957,12,27.1,Northern_Marianas
1958-01-15,1958,1,26.4,Northern_Marianas
1958-02-15,1958,2,26.2,Northern_Marianas
1958-03-15,1958,3,26.7,Northern_Marianas
1958-04-15,1958,4,27.5,Northern_Marianas
1958-05-15,1958,5,27.8,Northern_Marianas
1958-06-15,1958,6,28.0,Northern_Marianas
1958-07-15,1958,7,27.7,Northern_Marianas
1958-08-15,1958,8,28.1,Northern_Marianas
1958-09-15,1958,9,27.9,Northern_Marianas
1958-10-15,1958,10,28.3,Northern_Marianas
1958-11-15,1958,11,27.7,Northern_Marianas
1958-12-15,1958,12,27.3,Northern_Marianas
1959-01-15,1959,1,26.7,Northern_Marianas
1959-02-15,1959,2,26.7,Northern_Marianas
1959-03-15,1959,3,26.7,Northern_Marianas
1959-04-15,1959,4,27.2,Northern_Marianas
1959-05-15,1959,5,27.7,Northern_Marianas
1959-06-15,1959,6,28.4,Northern_Marianas
1959-07-15,1959,7,28.1,Northern_Marianas
1959-08-15,1959,8,27.5,Northern_Marianas
1959-09-15,1959,9,27.8,Northern_Marianas
1959-10-15,1959,10,27.9,Northern_Marianas
1959-11-15,1959,11,27.9,Northern_Marianas
1959-12-15,1959,12,27.4,Northern_Marianas
1960-01-15,1960,1,26.6,Northern_Marianas
1960-02-15,1960,2,27.0,Northern_Marianas
1960-03-15,1960,3,26.7,Northern_Marianas
1960-04-15,1960,4,28.1,Northern_Marianas
1960-05-15,1960,5,27.7,Northern_Marianas
1960-06-15,1960,6,28.1,Northern_Marianas
1960-07-15,1960,7,28.0,Northern_Marianas
1960-08-15,1960,8,27.5,Northern_Marianas
1960-09-15,1960,9,28.0,Northern_Marianas
1960-10-15,1960,10,27.5,Northern_Marianas
1960-11-15,1960,11,27.8,Northern_Marianas
1960-12-15,1960,12,27.3,Northern_Marianas
1961-01-15,1961,1,26.9,Northern_Marianas
1961-02-15,1961,2,27.2,Northern_Marianas
1961-03-15,1961,3,27.0,Northern_Marianas
1961-04-15,1961,4,27.5,Northern_Marianas
1961-05-15,1961,5,27.8,Northern_Marianas
1961-06-15,1961,6,27.9,Northern_Marianas
1961-07-15,1961,7,27.5,Northern_Marianas
1961-08-15,1961,8,27.1,Northern_Marianas
1961-09-15,1961,9,27.5,Northern_Marianas
1961-10-15,1961,10,27.4,Northern_Marianas
1961-11-15,1961,11,26.9,Northern_Marianas
1961-12-15,1961,12,27.1,Northern_Marianas
1962-01-15,1962,1,26.6,Northern_Marianas
1962-02-15,1962,2,26.4,Northern_Marianas
1962-03-15,1962,3,27.1,Northern_Marianas
1962-04-15,1962,4,27.0,Northern_Marianas
1962-05-15,1962,5,27.7,Northern_Marianas
1962-06-15,1962,6,27.7,Northern_Marianas
1962-07-15,1962,7,27.8,Northern_Marianas
1962-08-15,1962,8,27.5,Northern_Marianas
1962-09-15,1962,9,27.9,Northern_Marianas
1962-10-15,1962,10,28.1,Northern_Marianas
1962-11-15,1962,11,27.9,Northern_Marianas
1962-12-15,1962,12,27.1,Northern_Marianas
1963-01-15,1963,1,26.1,Northern_Marianas
1963-02-15,1963,2,26.3,Northern_Marianas
1963-03-15,1963,3,26.8,Northern_Marianas
1963-04-15,1963,4,27.1,Northern_Marianas
1963-05-15,1963,5,27.4,Northern_Marianas
1963-06-15,1963,6,28.1,Northern_Marianas
1963-07-15,1963,7,27.7,Northern_Marianas
1963-08-15,1963,8,28.1,Northern_Marianas
1963-09-15,1963,9,28.1,Northern_Marianas
1963-10-15,1963,10,27.6,Northern_Marianas
1963-11-15,1963,11,27.6,Northern_Marianas
1963-12-15,1963,12,27.1,Northern_Marianas
1964-01-15,1964,1,26.9,Northern_Marianas
1964-02-15,1964,2,26.3,Northern_Marianas
1964-03-15,1964,3,26.7,Northern_Marianas
1964-04-15,1964,4,27.3,Northern_Marianas
1964-05-15,1964,5,27.3,Northern_Marianas
1964-06-15,1964,6,28.2,Northern_Marianas
1964-07-15,1964,7,27.8,Northern_Marianas
1964-08-15,1964,8,27.4,Northern_Marianas
1964-09-15,1964,9,27.7,Northern_Marianas
1964-10-15,1964,10,27.8,Northern_Marianas
1964-11-15,1964,11,27.6,Northern_Marianas
1964-12-15,1964,12,26.9,Northern_Marianas
1965-01-15,1965,1,26.4,Northern_Marianas
1965-02-15,1965,2,26.4,Northern_Marianas
1965-03-15,1965,3,26.0,Northern_Marianas
1965-04-15,1965,4,26.9,Northern_Marianas
1965-05-15,1965,5,27.9,Northern_Marianas
1965-06-15,1965,6,27.7,Northern_Marianas
1965-07-15,1965,7,27.3,Northern_Marianas
1965-08-15,1965,8,27.6,Northern_Marianas
1965-09-15,1965,9,27.6,Northern_Marianas
1965-10-15,1965,10,27.6,Northern_Marianas
1965-11-15,1965,11,27.3,Northern_Marianas
1965-12-15,1965,12,27.1,Northern_Marianas
1966-01-15,1966,1,26.3,Northern_Marianas
1966-02-15,1966,2,26.3,Northern_Marianas
1966-03-15,1966,3,26.5,Northern_Marianas
1966-04-15,1966,4,27.9,Northern_Marianas
1966-05-15,1966,5,27.8,Northern_Marianas
1966-06-15,1966,6,28.4,Northern_Marianas
1966-07-15,1966,7,28.4,Northern_Marianas
1966-08-15,1966,8,27.8,Northern_Marianas
1966-09-15,1966,9,27.7,Northern_Marianas
1966-10-15,1966,10,27.9,Northern_Marianas
1966-11-15,1966,11,27.5,Northern_Marianas
1966-12-15,1966,12,27.2,Northern_Marianas
1967-01-15,1967,1,26.5,Northern_Marianas
1967-02-15,1967,2,26.3,Northern_Marianas
1967-03-15,1967,3,25.9,Northern_Marianas
1967-04-15,1967,4,26.8,Northern_Marianas
1967-05-15,1967,5,27.5,Northern_Marianas
1967-06-15,1967,6,27.7,Northern_Marianas
1967-07-15,1967,7,27.5,Northern_Marianas
1967-08-15,1967,8,27.3,Northern_Marianas
1967-09-15,1967,9,27.7,Northern_Marianas
1967-10-15,1967,10,27.3,Northern_Marianas
1967-11-15,1967,11,27.4,Northern_Marianas
1967-12-15,1967,12,26.4,Northern_Marianas
1968-01-15,1968,1,26.6,Northern_Marianas
1968-02-15,1968,2,25.8,Northern_Marianas
1968-03-15,1968,3,26.8,Northern_Marianas
1968-04-15,1968,4,26.6,Northern_Marianas
1968-05-15,1968,5,27.3,Northern_Marianas
1968-06-15,1968,6,27.8,Northern_Marianas
1968-07-15,1968,7,27.7,Northern_Marianas
1968-08-15,1968,8,27.6,Northern_Marianas
1968-09-15,1968,9,27.5,Northern_Marianas
1968-10-15,1968,10,27.4,Northern_Marianas
1968-11-15,1968,11,27.2,Northern_Marianas
1968-12-15,1968,12,26.8,Northern_Marianas
1969-01-15,1969,1,26.3,Northern_Marianas
1969-02-15,1969,2,25.9,Northern_Marianas
1969-03-15,1969,3,26.7,Northern_Marianas
1969-04-15,1969,4,27.7,Northern_Marianas
1969-05-15,1969,5,27.8,Northern_Marianas
1969-06-15,1969,6,28.7,Northern_Marianas
1969-07-15,1969,7,28.2,Northern_Marianas
1969-08-15,1969,8,27.6,Northern_Marianas
1969-09-15,1969,9,28.1,Northern_Marianas
1969-10-15,1969,10,27.8,Northern_Marianas
1969-11-15,1969,11,27.9,Northern_Marianas
1969-12-15,1969,12,27.4,Northern_Marianas
1970-01-15,1970,1,26.5,Northern_Marianas
1970-02-15,1970,2,26.7,Northern_Marianas
1970-03-15,1970,3,27.2,Northern_Marianas
1970-04-15,1970,4,27.5,Northern_Marianas
1970-05-15,1970,5,27.9,Northern_Marianas
1970-06-15,1970,6,28.3,Northern_Marianas
1970-07-15,1970,7,27.8,Northern_Marianas
1970-08-15,1970,8,27.6,Northern_Marianas
1970-09-15,1970,9,27.8,Northern_Marianas
1970-10-15,1970,10,28.0,Northern_Marianas
1970-11-15,1970,11,28.0,Northern_Marianas
1970-12-15,1970,12,27.5,Northern_Marianas
1971-01-15,1971,1,26.9,Northern_Marianas
1971-02-15,1971,2,26.7,Northern_Marianas
1971-03-15,1971,3,27.1,Northern_Marianas
1971-04-15,1971,4,27.6,Northern_Marianas
1971-05-15,1971,5,27.5,Northern_Marianas
1971-06-15,1971,6,28.0,Northern_Marianas
1971-07-15,1971,7,27.6,Northern_Marianas
1971-08-15,1971,8,27.4,Northern_Marianas
1971-09-15,1971,9,27.7,Northern_Marianas
1971-10-15,1971,10,27.5,Northern_Marianas
1971-11-15,1971,11,27.7,Northern_Marianas
1971-12-15,1971,12,27.5,Northern_Marianas
1972-01-15,1972,1,26.5,Northern_Marianas
1972-02-15,1972,2,26.3,Northern_Marianas
1972-03-15,1972,3,26.6,Northern_Marianas
1972-04-15,1972,4,26.8,Northern_Marianas
1972-05-15,1972,5,27.2,Northern_Marianas
1972-06-15,1972,6,27.7,Northern_Marianas
1972-07-15,1972,7,27.9,Northern_Marianas
1972-08-15,1972,8,27.4,Northern_Marianas
1972-09-15,1972,9,27.9,Northern_Marianas
1972-10-15,1972,10,27.7,Northern_Marianas
1972-11-15,1972,11,27.4,Northern_Marianas
1972-12-15,1972,12,27.0,Northern_Marianas
1973-01-15,1973,1,25.7,Northern_Marianas
1973-02-15,1973,2,26.3,Northern_Marianas
1973-03-15,1973,3,26.9,Northern_Marianas
1973-04-15,1973,4,27.6,Northern_Marianas
1973-05-15,1973,5,27.9,Northern_Marianas
1973-06-15,1973,6,28.3,Northern_Marianas
1973-07-15,1973,7,28.1,Northern_Marianas
1973-08-15,1973,8,27.8,Northern_Marianas
1973-09-15,1973,9,27.9,Northern_Marianas
1973-10-15,1973,10,27.4,Northern_Marianas
1973-11-15,1973,11,27.7,Northern_Marianas
1973-12-15,1973,12,27.2,Northern_Marianas
1974-01-15,1974,1,26.4,Northern_Marianas
1974-02-15,1974,2,27.0,Northern_Marianas
1974-03-15,1974,3,26.5,Northern_Marianas
1974-04-15,1974,4,27.4,Northern_Marianas
1974-05-15,1974,5,27.5,Northern_Marianas
1974-06-15,1974,6,27.6,Northern_Marianas
1974-07-15,1974,7,27.5,Northern_Marianas
1974-08-15,1974,8,27.5,Northern_Marianas
1974-09-15,1974,9,27.9,Northern_Marianas
1974-10-15,1974,10,28.0,Northern_Marianas
1974-11-15,1974,11,27.7,Northern_Marianas
1974-12-15,1974,12,27.3,Northern_Marianas
1975-01-15,1975,1,26.8,Northern_Marianas
1975-02-15,1975,2,26.6,Northern_Marianas
1975-03-15,1975,3,26.5,Northern_Marianas
1975-04-15,1975,4,27.1,Northern_Marianas
1975-05-15,1975,5,27.2,Northern_Marianas
1975-06-15,1975,6,28.2,Northern_Marianas
1975-07-15,1975,7,27.4,Northern_Marianas
1975-08-15,1975,8,27.0,Northern_Marianas
1975-09-15,1975,9,27.4,Northern_Marianas
1975-10-15,1975,10,27.5,Northern_Marianas
1975-11-15,1975,11,27.1,Northern_Marianas
1975-12-15,1975,12,26.9,Northern_Marianas
1976-01-15,1976,1,26.1,Northern_Marianas
1976-02-15,1976,2,26.2,Northern_Marianas
1976-03-15,1976,3,26.4,Northern_Marianas
1976-04-15,1976,4,26.8,Northern_Marianas
1976-05-15,1976,5,27.3,Northern_Marianas
1976-06-15,1976,6,27.7,Northern_Marianas
1976-07-15,1976,7,27.7,Northern_Marianas
1976-08-15,1976,8,27.4,Northern_Marianas
1976-09-15,1976,9,27.5,Northern_Marianas
1976-10-15,1976,10,28.1,Northern_Marianas
1976-11-15,1976,11,27.4,Northern_Marianas
1976-12-15,1976,12,26.8,Northern_Marianas
1977-01-15,1977,1,26.2,Northern_Marianas
1977-02-15,1977,2,26.3,Northern_Marianas
1977-03-15,1977,3,26.7,Northern_Marianas
1977-04-15,1977,4,27.2,Northern_Marianas
1977-05-15,1977,5,27.4,Northern_Marianas
1977-06-15,1977,6,28.2,Northern_Marianas
1977-07-15,1977,7,28.1,Northern_Marianas
1977-08-15,1977,8,28.1,Northern_Marianas
1977-09-15,1977,9,27.8,Northern_Marianas
1977-10-15,1977,10,27.7,Northern_Marianas
1977-11-15,1977,11,27.5,Northern_Marianas
1977-12-15,1977,12,27.2,Northern_Marianas
1978-01-15,1978,1,26.2,Northern_Marianas
1978-02-15,1978,2,26.1,Northern_Marianas
1978-03-15,1978,3,26.7,Northern_Marianas
1978-04-15,1978,4,27.7,Northern_Marianas
1978-05-15,1978,5,28.2,Northern_Marianas
1978-06-15,1978,6,28.1,Northern_Marianas
1978-07-15,1978,7,28.1,Northern_Marianas
1978-08-15,1978,8,27.6,Northern_Marianas
1978-09-15,1978,9,28.0,Northern_Marianas
1978-10-15,1978,10,27.9,Northern_Marianas
1978-11-15,1978,11,27.4,Northern_Marianas
1978-12-15,1978,12,27.0,Northern_Marianas
1979-01-15,1979,1,26.5,Northern_Marianas
1979-02-15,1979,2,26.3,Northern_Marianas
1979-03-15,1979,3,26.7,Northern_Marianas
1979-04-15,1979,4,27.3,Northern_Marianas
1979-05-15,1979,5,27.8,Northern_Marianas
1979-06-15,1979,6,28.6,Northern_Marianas
1979-07-15,1979,7,27.9,Northern_Marianas
1979-08-15,1979,8,27.4,Northern_Marianas
1979-09-15,1979,9,27.9,Northern_Marianas
1979-10-15,1979,10,27.8,Northern_Marianas
1979-11-15,1979,11,27.5,Northern_Marianas
1979-12-15,1979,12,26.9,Northern_Marianas
1980-01-15,1980,1,26.3,Northern_Marianas
1980-02-15,1980,2,26.5,Northern_Marianas
1980-03-15,1980,3,26.6,Northern_Marianas
1980-04-15,1980,4,27.5,Northern_Marianas
1980-05-15,1980,5,27.7,Northern_Marianas
1980-06-15,1980,6,28.0,Northern_Marianas
1980-07-15,1980,7,27.9,Northern_Marianas
1980-08-15,1980,8,28.2,Northern_Marianas
1980-09-15,1980,9,27.7,Northern_Marianas
1980-10-15,1980,10,28.0,Northern_Marianas
1980-11-15,1980,11,28.0,Northern_Marianas
1980-12-15,1980,12,27.0,Northern_Marianas
1981-01-15,1981,1,26.9,Northern_Marianas
1981-02-15,1981,2,26.5,Northern_Marianas
1981-03-15,1981,3,26.9,Northern_Marianas
1981-04-15,1981,4,27.6,Northern_Marianas
1981-05-15,1981,5,28.0,Northern_Marianas
1981-06-15,1981,6,28.2,Northern_Marianas
1981-07-15,1981,7,27.9,Northern_Marianas
1981-08-15,1981,8,27.7,Northern_Marianas
1981-09-15,1981,9,28.2,Northern_Marianas
1981-10-15,1981,10,28.2,Northern_Marianas
1981-11-15,1981,11,27.7,Northern_Marianas
1981-12-15,1981,12,27.5,Northern_Marianas
1982-01-15,1982,1,26.7,Northern_Marianas
1982-02-15,1982,2,26.3,Northern_Marianas
1982-03-15,1982,3,26.6,Northern_Marianas
1982-04-15,1982,4,27.3,Northern_Marianas
1982-05-15,1982,5,27.6,Northern_Marianas
1982-06-15,1982,6,28.0,Northern_Marianas
1982-07-15,1982,7,27.7,Northern_Marianas
1982-08-15,1982,8,27.5,Northern_Marianas
1982-09-15,1982,9,27.6,Northern_Marianas
1982-10-15,1982,10,27.2,Northern_Marianas
1982-11-15,1982,11,27.3,Northern_Marianas
1982-12-15,1982,12,26.7,Northern_Marianas
1983-01-15,1983,1,25.6,Northern_Marianas
1983-02-15,1983,2,25.7,Northern_Marianas
1983-03-15,1983,3,25.9,Northern_Marianas
1983-04-15,1983,4,27.0,Northern_Marianas
1983-05-15,1983,5,27.8,Northern_Marianas
1983-06-15,1983,6,28.7,Northern_Marianas
1983-07-15,1983,7,28.5,Northern_Marianas
1983-08-15,1983,8,27.6,Northern_Marianas
1983-09-15,1983,9,28.3,Northern_Marianas
1983-10-15,1983,10,28.3,Northern_Marianas
1983-11-15,1983,11,27.6,Northern_Marianas
1983-12-15,1983,12,27.2,Northern_Marianas
1984-01-15,1984,1,26.6,Northern_Marianas
1984-02-15,1984,2,26.3,Northern_Marianas
1984-03-15,1984,3,26.9,Northern_Marianas
1984-04-15,1984,4,27.8,Northern_Marianas
1984-05-15,1984,5,28.3,Northern_Marianas
1984-06-15,1984,6,28.1,Northern_Marianas
1984-07-15,1984,7,28.0,Northern_Marianas
1984-08-15,1984,8,27.3,Northern_Marianas
1984-09-15,1984,9,27.8,Northern_Marianas
1984-10-15,1984,10,28.0,Northern_Marianas
1984-11-15,1984,11,27.7,Northern_Marianas
1984-12-15,1984,12,27.5,Northern_Marianas
1985-01-15,1985,1,26.9,Northern_Marianas
1985-02-15,1985,2,27.1,Northern_Marianas
1985-03-15,1985,3,27.3,Northern_Marianas
1985-04-15,1985,4,27.5,Northern_Marianas
1985-05-15,1985,5,27.5,Northern_Marianas
1985-06-15,1985,6,27.7,Northern_Marianas
1985-07-15,1985,7,27.7,Northern_Marianas
1985-08-15,1985,8,27.4,Northern_Marianas
1985-09-15,1985,9,27.8,Northern_Marianas
1985-10-15,1985,10,27.8,Northern_Marianas
1985-11-15,1985,11,27.8,Northern_Marianas
1985-12-15,1985,12,27.3,Northern_Marianas
1986-01-15,1986,1,27.0,Northern_Marianas
1986-02-15,1986,2,26.4,Northern_Marianas
1986-03-15,1986,3,27.0,Northern_Marianas
1986-04-15,1986,4,27.6,Northern_Marianas
1986-05-15,1986,5,27.6,Northern_Marianas
1986-06-15,1986,6,28.2,Northern_Marianas
1986-07-15,1986,7,27.8,Northern_Marianas
1986-08-15,1986,8,28.1,Northern_Marianas
1986-09-15,1986,9,28.0,Northern_Marianas
1986-10-15,1986,10,28.0,Northern_Marianas
1986-11-15,1986,11,27.9,Northern_Marianas
1986-12-15,1986,12,27.1,Northern_Marianas
1987-01-15,1987,1,26.3,Northern_Marianas
1987-02-15,1987,2,26.4,Northern_Marianas
1987-03-15,1987,3,26.0,Northern_Marianas
1987-04-15,1987,4,27.4,Northern_Marianas
1987-05-15,1987,5,28.1,Northern_Marianas
1987-06-15,1987,6,28.8,Northern_Marianas
1987-07-15,1987,7,28.0,Northern_Marianas
1987-08-15,1987,8,28.0,Northern_Marianas
1987-09-15,1987,9,28.6,Northern_Marianas
1987-10-15,1987,10,28.2,Northern_Marianas
1987-11-15,1987,11,27.9,Northern_Marianas
1987-12-15,1987,12,27.8,Northern_Marianas
1988-01-15,1988,1,27.2,Northern_Marianas
1988-02-15,1988,2,27.0,Northern_Marianas
1988-03-15,1988,3,27.8,Northern_Marianas
1988-04-15,1988,4,28.0,Northern_Marianas
1988-05-15,1988,5,28.4,Northern_Marianas
1988-06-15,1988,6,28.2,Northern_Marianas
1988-07-15,1988,7,28.0,Northern_Marianas
1988-08-15,1988,8,28.0,Northern_Marianas
1988-09-15,1988,9,28.2,Northern_Marianas
1988-10-15,1988,10,28.1,Northern_Marianas
1988-11-15,1988,11,28.0,Northern_Marianas
1988-12-15,1988,12,27.7,Northern_Marianas
1989-01-15,1989,1,27.6,Northern_Marianas
1989-02-15,1989,2,27.0,Northern_Marianas
1989-03-15,1989,3,26.7,Northern_Marianas
1989-04-15,1989,4,27.6,Northern_Marianas
1989-05-15,1989,5,28.0,Northern_Marianas
1989-06-15,1989,6,27.9,Northern_Marianas
1989-07-15,1989,7,27.9,Northern_Marianas
1989-08-15,1989,8,27.6,Northern_Marianas
1989-09-15,1989,9,27.9,Northern_Marianas
1989-10-15,1989,10,27.8,Northern_Marianas
1989-11-15,1989,11,27.7,Northern_Marianas
1989-12-15,1989,12,27.6,Northern_Marianas
1990-01-15,1990,1,27.0,Northern_Marianas
1990-02-15,1990,2,26.8,Northern_Marianas
1990-03-15,1990,3,26.9,Northern_Marianas
1990-04-15,1990,4,27.5,Northern_Marianas
1990-05-15,1990,5,28.0,Northern_Marianas
1990-06-15,1990,6,28.4,Northern_Marianas
1990-07-15,1990,7,28.1,Northern_Marianas
1990-08-15,1990,8,27.6,Northern_Marianas
1990-09-15,1990,9,27.7,Northern_Marianas
1990-10-15,1990,10,28.0,Northern_Marianas
1990-11-15,1990,11,27.5,Northern_Marianas
1990-12-15,1990,12,27.1,Northern_Marianas
1991-01-15,1991,1,26.7,Northern_Marianas
1991-02-15,1991,2,26.7,Northern_Marianas
1991-03-15,1991,3,26.9,Northern_Marianas
1991-04-15,1991,4,27.8,Northern_Marianas
1991-05-15,1991,5,28.2,Northern_Marianas
1991-06-15,1991,6,28.5,Northern_Marianas
1991-07-15,1991,7,28.4,Northern_Marianas
1991-08-15,1991,8,28.2,Northern_Marianas
1991-09-15,1991,9,28.0,Northern_Marianas
1991-10-15,1991,10,27.7,Northern_Marianas
1991-11-15,1991,11,27.4,Northern_Marianas
1991-12-15,1991,12,27.0,Northern_Marianas
1992-01-15,1992,1,26.5,Northern_Marianas
1992-02-15,1992,2,26.3,Northern_Marianas
1992-03-15,1992,3,27.0,Northern_Marianas
1992-04-15,1992,4,27.2,Northern_Marianas
1992-05-15,1992,5,28.0,Northern_Marianas
1992-06-15,1992,6,28.9,Northern_Marianas
1992-07-15,1992,7,28.3,Northern_Marianas
1992-08-15,1992,8,27.8,Northern_Marianas
1992-09-15,1992,9,28.4,Northern_Marianas
1992-10-15,1992,10,28.2,Northern_Marianas
1992-11-15,1992,11,27.7,Northern_Marianas
1992-12-15,1992,12,27.0,Northern_Marianas
1993-01-15,1993,1,26.6,Northern_Marianas
1993-02-15,1993,2,26.4,Northern_Marianas
1993-03-15,1993,3,26.9,Northern_Marianas
1993-04-15,1993,4,27.3,Northern_Marianas
1993-05-15,1993,5,27.9,Northern_Marianas
1993-06-15,1993,6,28.8,Northern_Marianas
1993-07-15,1993,7,28.0,Northern_Marianas
1993-08-15,1993,8,27.7,Northern_Marianas
1993-09-15,1993,9,27.9,Northern_Marianas
1993-10-15,1993,10,27.9,Northern_Marianas
1993-11-15,1993,11,28.0,Northern_Marianas
1993-12-15,1993,12,27.5,Northern_Marianas
1994-01-15,1994,1,26.4,Northern_Marianas
1994-02-15,1994,2,26.3,Northern_Marianas
1994-03-15,1994,3,26.8,Northern_Marianas
1994-04-15,1994,4,27.4,Northern_Marianas
1994-05-15,1994,5,27.8,Northern_Marianas
1994-06-15,1994,6,28.7,Northern_Marianas
1994-07-15,1994,7,27.8,Northern_Marianas
1994-08-15,1994,8,28.0,Northern_Marianas
1994-09-15,1994,9,27.8,Northern_Marianas
1994-10-15,1994,10,27.9,Northern_Marianas
1994-11-15,1994,11,27.7,Northern_Marianas
1994-12-15,1994,12,27.0,Northern_Marianas
1995-01-15,1995,1,26.5,Northern_Marianas
1995-02-15,1995,2,26.4,Northern_Marianas
1995-03-15,1995,3,26.8,Northern_Marianas
1995-04-15,1995,4,27.3,Northern_Marianas
1995-05-15,1995,5,27.7,Northern_Marianas
1995-06-15,1995,6,28.1,Northern_Marianas
1995-07-15,1995,7,27.8,Northern_Marianas
1995-08-15,1995,8,27.6,Northern_Marianas
1995-09-15,1995,9,27.8,Northern_Marianas
1995-10-15,1995,10,27.7,Northern_Marianas
1995-11-15,1995,11,27.7,Northern_Marianas
1995-12-15,1995,12,27.1,Northern_Marianas
1996-01-15,1996,1,26.5,Northern_Marianas
1996-02-15,1996,2,26.6,Northern_Marianas
1996-03-15,1996,3,26.8,Northern_Marianas
1996-04-15,1996,4,27.3,Northern_Marianas
1996-05-15,1996,5,27.6,Northern_Marianas
1996-06-15,1996,6,28.1,Northern_Marianas
1996-07-15,1996,7,27.9,Northern_Marianas
1996-08-15,1996,8,27.7,Northern_Marianas
1996-09-15,1996,9,27.9,Northern_Marianas
1996-10-15,1996,10,27.8,Northern_Marianas
1996-11-15,1996,11,27.6,Northern_Marianas
1996-12-15,1996,12,27.0,Northern_Marianas
1997-01-15,1997,1,26.6,Northern_Marianas
1997-02-15,1997,2,26.4,Northern_Marianas
1997-03-15,1997,3,26.6,Northern_Marianas
1997-04-15,1997,4,27.3,Northern_Marianas
1997-05-15,1997,5,27.8,Northern_Marianas
1997-06-15,1997,6,28.0,Northern_Marianas
1997-07-15,1997,7,27.8,Northern_Marianas
1997-08-15,1997,8,27.6,Northern_Marianas
1997-09-15,1997,9,27.8,Northern_Marianas
1997-10-15,1997,10,27.8,Northern_Marianas
1997-11-15,1997,11,27.6,Northern_Marianas
1997-12-15,1997,12,27.2,Northern_Marianas
1998-01-15,1998,1,26.6,Northern_Marianas
1998-02-15,1998,2,26.4,Northern_Marianas
1998-03-15,1998,3,26.8,Northern_Marianas
1998-04-15,1998,4,27.4,Northern_Marianas
1998-05-15,1998,5,27.8,Northern_Marianas
1998-06-15,1998,6,28.1,Northern_Marianas
1998-07-15,1998,7,27.8,Northern_Marianas
1998-08-15,1998,8,27.5,Northern_Marianas
1998-09-15,1998,9,27.8,Northern_Marianas
1998-10-15,1998,10,27.9,Northern_Marianas
1998-11-15,1998,11,27.6,Northern_Marianas
1998-12-15,1998,12,27.1,Northern_Marianas
1999-01-15,1999,1,26.6,Northern_Marianas
1999-02-15,1999,2,26.6,Northern_Marianas
1999-03-15,1999,3,26.9,Northern_Marianas
1999-04-15,1999,4,27.4,Northern_Marianas
1999-05-15,1999,5,27.8,Northern_Marianas
1999-06-15,1999,6,28.0,Northern_Marianas
1999-07-15,1999,7,27.6,Northern_Marianas
1999-08-15,1999,8,27.5,Northern_Marianas
1999-09-15,1999,9,27.8,Northern_Marianas
1999-10-15,1999,10,27.7,Northern_Marianas
1999-11-15,1999,11,27.7,Northern_Marianas
1999-12-15,1999,12,27.4,Northern_Marianas
2000-01-15,2000,1,26.8,Northern_Marianas
2000-02-15,2000,2,26.5,Northern_Marianas
2000-03-15,2000,3,26.9,Northern_Marianas
2000-04-15,2000,4,27.6,Northern_Marianas
2000-05-15,2000,5,27.8,Northern_Marianas
2000-06-15,2000,6,28.3,Northern_Marianas
2000-07-15,2000,7,27.9,Northern_Marianas
2000-08-15,2000,8,27.8,Northern_Marianas
2000-09-15,2000,9,28.1,Northern_Marianas
2000-10-15,2000,10,27.9,Northern_Marianas
2000-11-15,2000,11,27.8,Northern_Marianas
2000-12-15,2000,12,27.3,Northern_Marianas
2001-01-15,2001,1,26.8,Northern_Marianas
2001-02-15,2001,2,26.7,Northern_Marianas
2001-03-15,2001,3,26.9,Northern_Marianas
2001-04-15,2001,4,27.6,Northern_Marianas
2001-05-15,2001,5,27.9,Northern_Marianas
2001-06-15,2001,6,28.2,Northern_Marianas
2001-07-15,2001,7,27.9,Northern_Marianas
2001-08-15,2001,8,27.9,Northern_Marianas
2001-09-15,2001,9,28.1,Northern_Marianas
2001-10-15,2001,10,28.1,Northern_Marianas
2001-11-15,2001,11,27.8,Northern_Marianas
2001-12-15,2001,12,27.3,Northern_Marianas
2002-01-15,2002,1,26.8,Northern_Marianas
2002-02-15,2002,2,26.5,Northern_Marianas
2002-03-15,2002,3,26.9,Northern_Marianas
2002-04-15,2002,4,27.4,Northern_Marianas
2002-05-15,2002,5,27.8,Northern_Marianas
2002-06-15,2002,6,28.2,Northern_Marianas
2002-07-15,2002,7,28.1,Northern_Marianas
2002-08-15,2002,8,27.7,Northern_Marianas
2002-09-15,2002,9,28.0,Northern_Marianas
2002-10-15,2002,10,27.9,Northern_Marianas
2002-11-15,2002,11,27.9,Northern_Marianas
2002-12-15,2002,12,27.3,Northern_Marianas
2003-01-15,2003,1,26.7,Northern_Marianas
2003-02-15,2003,2,26.6,Northern_Marianas
2003-03-15,2003,3,26.8,Northern_Marianas
2003-04-15,2003,4,27.4,Northern_Marianas
2003-05-15,2003,5,27.8,Northern_Marianas
2003-06-15,2003,6,28.2,Northern_Marianas
2003-07-15,2003,7,27.9,Northern_Marianas
2003-08-15,2003,8,27.8,Northern_Marianas
2003-09-15,2003,9,28.0,Northern_Marianas
2003-10-15,2003,10,28.1,Northern_Marianas
2003-11-15,2003,11,27.9,Northern_Marianas
2003-12-15,2003,12,27.3,Northern_Marianas
2004-01-15,2004,1,26.8,Northern_Marianas
2004-02-15,2004,2,26.6,Northern_Marianas
2004-03-15,2004,3,26.9,Northern_Marianas
2004-04-15,2004,4,27.4,Northern_Marianas
2004-05-15,2004,5,27.8,Northern_Marianas
2004-06-15,2004,6,28.2,Northern_Marianas
2004-07-15,2004,7,28.0,Northern_Marianas
2004-08-15,2004,8,27.8,Northern_Marianas
2004-09-15,2004,9,28.1,Northern_Marianas
2004-10-15,2004,10,28.0,Northern_Marianas
2004-11-15,2004,11,27.9,Northern_Marianas
2004-12-15,2004,12,27.4,Northern_Marianas
2005-01-15,2005,1,26.7,Northern_Marianas
2005-02-15,2005,2,26.5,Northern_Marianas
2005-03-15,2005,3,26.9,Northern_Marianas
2005-04-15,2005,4,27.4,Northern_Marianas
2005-05-15,2005,5,27.9,Northern_Marianas
2005-06-15,2005,6,28.3,Northern_Marianas
2005-07-15,2005,7,28.1,Northern_Marianas
2005-08-15,2005,8,27.7,Northern_Marianas
2005-09-15,2005,9,28.1,Northern_Marianas
2005-10-15,2005,10,28.1,Northern_Marianas
2005-11-15,2005,11,27.9,Northern_Marianas
2005-12-15,2005,12,27.3,Northern_Marianas
2006-01-15,2006,1,26.8,Northern_Marianas
2006-02-15,2006,2,26.7,Northern_Marianas
2006-03-15,2006,3,26.9,Northern_Marianas
2006-04-15,2006,4,27.5,Northern_Marianas
2006-05-15,2006,5,27.8,Northern_Marianas
2006-06-15,2006,6,28.3,Northern_Marianas
2006-07-15,2006,7,28.0,Northern_Marianas
2006-08-15,2006,8,27.8,Northern_Marianas
2006-09-15,2006,9,28.1,Northern_Marianas
2006-10-15,2006,10,27.9,Northern_Marianas
2006-11-15,2006,11,27.9,Northern_Marianas
2006-12-15,2006,12,27.3,Northern_Marianas
2007-01-15,2007,1,26.8,Northern_Marianas
2007-02-15,2007,2,26.6,Northern_Marianas
2007-03-15,2007,3,26.9,Northern_Marianas
2007-04-15,2007,4,27.7,Northern_Marianas
2007-05-15,2007,5,27.9,Northern_Marianas
2007-06-15,2007,6,28.4,Northern_Marianas
2007-07-15,2007,7,28.2,Northern_Marianas
2007-08-15,2007,8,27.7,Northern_Marianas
2007-09-15,2007,9,27.9,Northern_Marianas
2007-10-15,2007,10,28.0,Northern_Marianas
2007-11-15,2007,11,27.7,Northern_Marianas
2007-12-15,2007,12,27.4,Northern_Marianas
2008-01-15,2008,1,27.0,Northern_Marianas
2008-02-15,2008,2,26.8,Northern_Marianas
2008-03-15,2008,3,26.9,Northern_Marianas
2008-04-15,2008,4,27.6,Northern_Marianas
2008-05-15,2008,5,27.7,Northern_Marianas
2008-06-15,2008,6,28.2,Northern_Marianas
2008-07-15,2008,7,27.9,Northern_Marianas
2008-08-15,2008,8,27.7,Northern_Marianas
2008-09-15,2008,9,27.8,Northern_Marianas
2008-10-15,2008,10,28.0,Northern_Marianas
2008-11-15,2008,11,28.0,Northern_Marianas
2008-12-15,2008,12,27.5,Northern_Marianas
2009-01-15,2009,1,26.9,Northern_Marianas
2009-02-15,2009,2,26.8,Northern_Marianas
2009-03-15,2009,3,26.9,Northern_Marianas
2009-04-15,2009,4,27.6,Northern_Marianas
2009-05-15,2009,5,28.0,Northern_Marianas
2009-06-15,2009,6,28.4,Northern_Marianas
2009-07-15,2009,7,28.1,Northern_Marianas
2009-08-15,2009,8,27.8,Northern_Marianas
2009-09-15,2009,9,27.8,Northern_Marianas
2009-10-15,2009,10,27.8,Northern_Marianas
2009-11-15,2009,11,27.6,Northern_Marianas
2009-12-15,2009,12,27.1,Northern_Marianas
2010-01-15,2010,1,26.6,Northern_Marianas
2010-02-15,2010,2,26.5,Northern_Marianas
2010-03-15,2010,3,26.9,Northern_Marianas
2010-04-15,2010,4,27.5,Northern_Marianas
2010-05-15,2010,5,28.2,Northern_Marianas
2010-06-15,2010,6,28.5,Northern_Marianas
2010-07-15,2010,7,27.9,Northern_Marianas
2010-08-15,2010,8,27.6,Northern_Marianas
2010-09-15,2010,9,27.6,Northern_Marianas
2010-10-15,2010,10,27.9,Northern_Marianas
2010-11-15,2010,11,28.0,Northern_Marianas
2010-12-15,2010,12,27.4,Northern_Marianas
2011-01-15,2011,1,26.9,Northern_Marianas
2011-02-15,2011,2,26.8,Northern_Marianas
2011-03-15,2011,3,27.1,Northern_Marianas
2011-04-15,2011,4,27.6,Northern_Marianas
2011-05-15,2011,5,28.1,Northern_Marianas
2011-06-15,2011,6,28.6,Northern_Marianas
2011-07-15,2011,7,28.1,Northern_Marianas
2011-08-15,2011,8,27.7,Northern_Marianas
2011-09-15,2011,9,27.9,Northern_Marianas
2011-10-15,2011,10,27.5,Northern_Marianas
2011-11-15,2011,11,27.6,Northern_Marianas
2011-12-15,2011,12,27.2,Northern_Marianas
2012-01-15,2012,1,26.5,Northern_Marianas
2012-02-15,2012,2,26.8,Northern_Marianas
2012-03-15,2012,3,27.1,Northern_Marianas
2012-04-15,2012,4,27.8,Northern_Marianas
2012-05-15,2012,5,28.1,Northern_Marianas
2012-06-15,2012,6,28.4,Northern_Marianas
2012-07-15,2012,7,28.2,Northern_Marianas
2012-08-15,2012,8,27.7,Northern_Marianas
2012-09-15,2012,9,28.1,Northern_Marianas
2012-10-15,2012,10,27.8,Northern_Marianas
2012-11-15,2012,11,28.0,Northern_Marianas
2012-12-15,2012,12,27.7,Northern_Marianas
2013-01-15,2013,1,26.8,Northern_Marianas
2013-02-15,2013,2,26.7,Northern_Marianas
2013-03-15,2013,3,27.3,Northern_Marianas
2013-04-15,2013,4,28.0,Northern_Marianas
2013-05-15,2013,5,28.4,Northern_Marianas
2013-06-15,2013,6,28.7,Northern_Marianas
2013-07-15,2013,7,28.5,Northern_Marianas
2013-08-15,2013,8,28.0,Northern_Marianas
2013-09-15,2013,9,28.1,Northern_Marianas
2013-10-15,2013,10,27.9,Northern_Marianas
2013-11-15,2013,11,28.0,Northern_Marianas
2013-12-15,2013,12,27.3,Northern_Marianas
2014-01-15,2014,1,26.7,Northern_Marianas
2014-02-15,2014,2,26.7,Northern_Marianas
2014-03-15,2014,3,27.2,Northern_Marianas
2014-04-15,2014,4,27.9,Northern_Marianas
2014-05-15,2014,5,28.1,Northern_Marianas
2014-06-15,2014,6,28.5,Northern_Marianas
2014-07-15,2014,7,28.1,Northern_Marianas
2014-08-15,2014,8,27.8,Northern_Marianas
2014-09-15,2014,9,28.0,Northern_Marianas
2014-10-15,2014,10,27.9,Northern_Marianas
2014-11-15,2014,11,28.0,Northern_Marianas
2014-12-15,2014,12,27.6,Northern_Marianas
2015-01-15,2015,1,26.9,Northern_Marianas
2015-02-15,2015,2,26.5,Northern_Marianas
2015-03-15,2015,3,26.9,Northern_Marianas
2015-04-15,2015,4,27.4,Northern_Marianas
2015-05-15,2015,5,27.8,Northern_Marianas
2015-06-15,2015,6,28.4,Northern_Marianas
2015-07-15,2015,7,27.9,Northern_Marianas
2015-08-15,2015,8,27.7,Northern_Marianas
2015-09-15,2015,9,28.0,Northern_Marianas
2015-10-15,2015,10,28.2,Northern_Marianas
2015-11-15,2015,11,28.1,Northern_Marianas
2015-12-15,2015,12,27.6,Northern_Marianas
2016-01-15,2016,1,26.9,Northern_Marianas
2016-02-15,2016,2,26.8,Northern_Marianas
2016-03-15,2016,3,27.0,Northern_Marianas
2016-04-15,2016,4,27.8,Northern_Marianas
2016-05-15,2016,5,28.3,Northern_Marianas
2016-06-15,2016,6,28.8,Northern_Marianas
2016-07-15,2016,7,28.2,Northern_Marianas
2016-08-15,2016,8,28.1,Northern_Marianas
2016-09-15,2016,9,28.4,Northern_Marianas
2016-10-15,2016,10,28.3,Northern_Marianas
2016-11-15,2016,11,28.1,Northern_Marianas
2016-12-15,2016,12,27.5,Northern_Marianas
2017-01-15,2017,1,26.9,Northern_Marianas
2017-02-15,2017,2,26.7,Northern_Marianas
2017-03-15,2017,3,27.2,Northern_Marianas
2017-04-15,2017,4,27.7,Northern_Marianas
2017-05-15,2017,5,28.2,Northern_Marianas
2017-06-15,2017,6,28.5,Northern_Marianas
2017-07-15,2017,7,28.2,Northern_Marianas
2017-08-15,2017,8,28.0,Northern_Marianas
2017-09-15,2017,9,28.1,Northern_Marianas
2017-10-15,2017,10,28.0,Northern_Marianas
2017-11-15,2017,11,28.1,Northern_Marianas
2017-12-15,2017,12,27.6,Northern_Marianas
2018-01-15,2018,1,27.0,Northern_Marianas
2018-02-15,2018,2,26.9,Northern_Marianas
2018-03-15,2018,3,27.2,Northern_Marianas
2018-04-15,2018,4,27.8,Northern_Marianas
2018-05-15,2018,5,28.3,Northern_Marianas
2018-06-15,2018,6,28.5,Northern_Marianas
2018-07-15,2018,7,28.3,Northern_Marianas
2018-08-15,2018,8,28.0,Northern_Marianas
2018-09-15,2018,9,28.2,Northern_Marianas
2018-10-15,2018,10,28.4,Northern_Marianas
2018-11-15,2018,11,28.2,Northern_Marianas
2018-12-15,2018,12,27.7,Northern_Marianas
2019-01-15,2019,1,27.0,Northern_Marianas
2019-02-15,2019,2,26.8,Northern_Marianas
2019-03-15,2019,3,27.1,Northern_Marianas
2019-04-15,2019,4,27.8,Northern_Marianas
2019-05-15,2019,5,28.2,Northern_Marianas
2019-06-15,2019,6,28.6,Northern_Marianas
2019-07-15,2019,7,28.3,Northern_Marianas
2019-08-15,2019,8,27.9,Northern_Marianas
2019-09-15,2019,9,28.0,Northern_Marianas
2019-10-15,2019,10,28.0,Northern_Marianas
2019-11-15,2019,11,27.9,Northern_Marianas
2019-12-15,2019,12,27.4,Northern_Marianas
2020-01-15,2020,1,26.6,Northern_Marianas
2020-02-15,2020,2,26.5,Northern_Marianas
2020-03-15,2020,3,27.3,Northern_Marianas
2020-04-15,2020,4,27.8,Northern_Marianas
2020-05-15,2020,5,28.1,Northern_Marianas
2020-06-15,2020,6,28.5,Northern_Marianas
2020-07-15,2020,7,28.2,Northern_Marianas
2020-08-15,2020,8,27.8,Northern_Marianas
2020-09-15,2020,9,28.1,Northern_Marianas
2020-10-15,2020,10,27.9,Northern_Marianas
2020-11-15,2020,11,27.8,Northern_Marianas
2020-12-15,2020,12,27.3,Northern_Marianas
2021-01-15,2021,1,26.8,Northern_Marianas
2021-02-15,2021,2,26.8,Northern_Marianas
2021-03-15,2021,3,27.0,Northern_Marianas
2021-04-15,2021,4,27.6,Northern_Marianas
2021-05-15,2021,5,27.9,Northern_Marianas
2021-06-15,2021,6,28.3,Northern_Marianas
2021-07-15,2021,7,28.2,Northern_Marianas
2021-08-15,2021,8,27.8,Northern_Marianas
2021-09-15,2021,9,28.1,Northern_Marianas
2021-10-15,2021,10,27.8,Northern_Marianas
2021-11-15,2021,11,27.8,Northern_Marianas
2021-12-15,2021,12,27.2,Northern_Marianas
2022-01-15,2022,1,26.6,Northern_Marianas
2022-02-15,2022,2,26.7,Northern_Marianas
2022-03-15,2022,3,27.0,Northern_Marianas
2022-04-15,2022,4,27.3,Northern_Marianas
2022-05-15,2022,5,27.8,Northern_Marianas
2022-06-15,2022,6,28.1,Northern_Marianas
2022-07-15,2022,7,27.8,Northern_Marianas
2022-08-15,2022,8,27.6,Northern_Marianas
2022-09-15,2022,9,27.9,Northern_Marianas
2022-10-15,2022,10,27.7,Northern_Marianas
2022-11-15,2022,11,27.8,Northern_Marianas
2022-12-15,2022,12,27.4,Northern_Marianas
2023-01-15,2023,1,26.7,Northern_Marianas
2023-02-15,2023,2,26.7,Northern_Marianas
2023-03-15,2023,3,26.9,Northern_Marianas
2023-04-15,2023,4,27.4,Northern_Marianas
2023-05-15,2023,5,27.8,Northern_Marianas
2023-06-15,2023,6,28.1,Northern_Marianas
2023-07-15,2023,7,28.0,Northern_Marianas
2023-08-15,2023,8,27.7,Northern_Marianas
2023-09-15,2023,9,28.0,Northern_Marianas
2023-10-15,2023,10,27.9,Northern_Marianas
2023-11-15,2023,11,27.9,Northern_Marianas
2023-12-15,2023,12,27.5,Northern_Marianas
2024-01-15,2024,1,26.8,Northern_Marianas
2024-02-15,2024,2,26.6,Northern_Marianas
2024-03-15,2024,3,27.1,Northern_Marianas
2024-04-15,2024,4,27.6,Northern_Marianas
2024-05-15,2024,5,28.1,Northern_Marianas
2024-06-15,2024,6,28.3,Northern_Marianas
2024-07-15,2024,7,28.1,Northern_Marianas
2024-08-15,2024,8,27.9,Northern_Marianas
2024-09-15,2024,9,28.0,Northern_Marianas
2024-10-15,2024,10,28.9,Northern_Marianas
2024-11-15,2024,11,27.9,Northern_Marianas
2024-12-15,2024,12,27.5,Northern_Marianas
2025-01-15,2025,1,26.91409486318604,Northern_Marianas
2025-02-15,2025,2,26.746011699498943,Northern_Marianas
2025-03-15,2025,3,27.06432086255367,Northern_Marianas
2025-04-15,2025,4,27.71584488129788,Northern_Marianas
2025-05-15,2025,5,28.134211971221763,Northern_Marianas
2025-06-15,2025,6,28.548141704012323,Northern_Marianas
2025-07-15,2025,7,28.24516951194077,Northern_Marianas
2025-08-15,2025,8,28.01875515055862,Northern_Marianas
2025-09-15,2025,9,28.277893901176437,Northern_Marianas
2025-10-15,2025,10,28.272066583304035,Northern_Marianas
2025-11-15,2025,11,28.091513900481107,Northern_Marianas
2025-12-15,2025,12,27.643541317030667,Northern_Marianas
2026-01-15,2026,1,27.1051493522828,Northern_Marianas
2026-02-15,2026,2,26.95786276486627,Northern_Marianas
2026-03-15,2026,3,27.27458666966035,Northern_Marianas
2026-04-15,2026,4,27.92704331943928,Northern_Marianas
2026-05-15,2026,5,28.342654600740072,Northern_Marianas
2026-06-15,2026,6,28.7566140531274,Northern_Marianas
2026-07-15,2026,7,28.448070685776376,Northern_Marianas
2026-08-15,2026,8,28.21904453338816,Northern_Marianas
2026-09-15,2026,9,28.477593027430324,Northern_Marianas
2026-10-15,2026,10,28.467300970867605,Northern_Marianas
2026-11-15,2026,11,28.31382476263678,Northern_Marianas
2026-12-15,2026,12,27.87287828060858,Northern_Marianas
2027-01-15,2027,1,27.33878834621582,Northern_Marianas
2027-02-15,2027,2,27.196148748627703,Northern_Marianas
2027-03-15,2027,3,27.51706770791172,Northern_Marianas
2027-04-15,2027,4,28.1747364873202,Northern_Marianas
2027-05-15,2027,5,28.596771687846857,Northern_Marianas
2027-06-15,2027,6,29.01798663735748,Northern_Marianas
2027-07-15,2027,7,28.71667791408266,Northern_Marianas
2027-08-15,2027,8,28.49420712383441,Northern_Marianas
2027-09-15,2027,9,28.75797005320925,Northern_Marianas
2027-10-15,2027,10,28.75124411977853,Northern_Marianas
2027-11-15,2027,11,28.59993964618816,Northern_Marianas
2027-12-15,2027,12,28.15957661660465,Northern_Marianas
2028-01-15,2028,1,27.62442676124732,Northern_Marianas
2028-02-15,2028,2,27.481518779258188,Northern_Marianas
2028-03-15,2028,3,27.80335237481856,Northern_Marianas
2028-04-15,2028,4,28.46297043973548,Northern_Marianas
2028-05-15,2028,5,28.88740095518572,Northern_Marianas
2028-06-15,2028,6,29.310834214664997,Northern_Marianas
2028-07-15,2028,7,29.011005739573942,Northern_Marianas
2028-08-15,2028,8,28.78899991223037,Northern_Marianas
2028-09-15,2028,9,29.05227570799976,Northern_Marianas
2028-10-15,2028,10,29.044447467084847,Northern_Marianas
2028-11-15,2028,11,28.891878483557186,Northern_Marianas
2028-12-15,2028,12,28.45047925875513,Northern_Marianas
2029-01-15,2029,1,27.915778002517783,Northern_Marianas
2029-02-15,2029,2,27.7732855375606,Northern_Marianas
2029-03-15,2029,3,28.09551140977316,Northern_Marianas
2029-04-15,2029,4,28.755503525627542,Northern_Marianas
2029-05-15,2029,5,29.180278489572967,Northern_Marianas
2029-06-15,2029,6,29.60405162493504,Northern_Marianas
2029-07-15,2029,7,29.304553284941083,Northern_Marianas
2029-08-15,2029,8,29.08286409352238,Northern_Marianas
2029-09-15,2029,9,29.34644196109357,Northern_Marianas
2029-10-15,2029,10,29.338900812934984,Northern_Marianas
2029-11-15,2029,11,29.186606479607367,Northern_Marianas
2029-12-15,2029,12,28.745475569842355,Northern_Marianas
